Quarter end,Assets,Current Assets,Liabilities,Current Liabilities,Shareholders equity,Revenue,Earnings,Earnings available for common stockholders,EPS basic,EPS diluted,Cash from operating activities,Cash from investing activities,Cash from financing activities,Cash change during period,Cash at end of period,Price,ROE,ROA,Book value of equity per share,P/B ratio,P/E ratio,Cumulative dividends per share,Equity to assets ratio,Net margin,Asset turnover,Current ratio
1993-12-31,0.00195505178640043,-0.06559433666382908,-0.010392078827468842,0.20551875787723572,0.025395853552097725,-0.14257290400972056,-1.2644249140236912,-1.5296881674498077,-1.4782608695652173,0.8181818181818183,-0.17437709322439365,5.342365887207703,-6.680731249489921,-1.4735449735449735,0.13047980669658266,-0.032786885245901676,2.107438016528926,4.797413793103449,-0.06451612903225812,0.05964912280701751,-0.7400980392156862,inf,0.023478260869565393,3.293577981651376,-0.10526315789473684,-0.22489557226399337
1994-03-31,0.00195505178640043,-0.06559433666382908,-0.010392078827468842,0.20551875787723572,0.025395853552097725,-0.14257290400972056,-1.2644249140236912,-1.5296881674498077,-1.4782608695652173,0.8181818181818183,-0.17437709322439365,5.342365887207703,-6.680731249489921,-1.4735449735449735,0.13047980669658266,-0.032786885245901676,2.107438016528926,4.797413793103449,-0.06451612903225812,0.05964912280701751,-0.7400980392156862,inf,0.023478260869565393,3.293577981651376,-0.10526315789473684,-0.22489557226399337
1994-06-30,0.5017863911310672,0.19779429393430825,0.4493227431416258,0.5938605271938606,0.5979114261757756,-0.14257290400972056,-1.2644249140236912,-1.5296881674498077,-1.4782608695652173,0.8181818181818183,-0.17437709322439365,5.342365887207703,-6.680731249489921,-1.4735449735449735,-0.054656488549618354,-0.011299435028248594,2.107438016528926,4.797413793103449,0.5862068965517244,0.05964912280701751,-0.7400980392156862,inf,0.06400453129425077,3.293577981651376,-0.10526315789473684,-0.24843716318172016
1994-09-30,0.017154941062091922,0.0422938350680544,0.039734766664992316,-0.18044157874169597,-0.020369221962505346,-0.01231112606947371,1.1900289017341041,0.790725806451613,0.8181818181818183,0.8181818181818183,-0.7275888200419025,-0.6027456678739509,-0.5439473608596961,-7.82122905027933,0.39437984496124034,-0.034285714285714364,2.107438016528926,4.797413793103449,-0.021739130434782594,-0.39072847682119205,-0.7400980392156862,inf,-0.03699760447165279,3.293577981651376,-0.10526315789473684,0.2717625125484009
1994-12-31,0.01066232069183215,-0.001037005741939212,0.024414597223564316,-0.0848560189363623,-0.013594013764446133,0.058431077154847744,-0.4015176509402837,-0.27831569466336414,-0.29999999999999993,0.0,0.896252659139257,-0.5787792760823278,-0.8960748487903226,-1.4455364455364457,-0.12601343525596476,-0.1775147928994083,2.107438016528926,4.797413793103449,-0.011111111111111072,-0.16304347826086962,-0.7400980392156862,inf,-0.024046434494195634,3.293577981651376,-0.10526315789473684,0.09156517816869636
1995-03-31,-0.034631990609455654,-0.12358945769814877,-0.03358187167336668,-0.13673241533308522,-0.036555565611604335,-0.015148434322895477,2.7601984564498347,1.5585023400936038,1.5714285714285712,0.0,0.03322402485329645,-0.714082042641436,-3.4264928766292817,-0.18382352941176472,-0.11767824012721972,-0.15107913669064743,2.107438016528926,4.797413793103449,-0.03370786516853941,-0.13636363636363635,-0.7400980392156862,inf,-0.0019824412347777542,3.293577981651376,-0.10526315789473684,0.015185950413223237
1995-06-30,-0.02546075095596323,-0.11923667470936605,-0.024995526553680203,0.07234005863079851,-0.02631556474064456,-0.11646192491655483,-0.4286761471924938,-0.3551219512195122,-0.36111111111111105,0.1499999999999999,0.03633174642946635,-1.2475067996373528,0.8137414116177388,1.295045045045045,-0.3060979273054971,0.0847457627118644,0.18085106382978733,4.797413793103449,-0.03488372093023262,0.12030075187969924,-0.7400980392156862,inf,-0.0008513053348466748,3.293577981651376,-0.02941176470588236,-0.17869136053729517
1995-09-30,-0.20991547173074487,-0.05516262389799276,-0.147437440562874,-0.11646699364798585,-0.32486964606000013,-0.06564368196600001,17.454965357967666,12.863464447806354,13.0,13.0,-0.48533204384268214,4.0265567765567765,-0.15806873751635786,-0.6575073601570167,-0.15108225108225104,-0.07812500000000011,3.718468468468468,4.797413793103449,-0.32530120481927705,-0.046979865771812124,-0.7400980392156862,inf,-0.14541323487645563,3.293577981651376,0.030303030303030276,0.06950811547515778
1995-12-31,0.03225030977965582,0.37979387964891,0.06317269682584947,0.38510715748282287,-0.03959675743088753,0.17681630611479315,-0.9446460601510032,-0.926708498158505,-0.9254658385093167,0.0,0.6792984653930474,-3.947531426489342,-1.5336223821989527,-4.060171919770774,0.5446200917899031,0.016949152542372836,0.15155131264916477,0.09516728624535298,-0.0357142857142857,0.507042253521127,-0.7400980392156862,inf,-0.06979062811565306,3.293577981651376,0.0588235294117645,-0.003938832252085245
1996-03-31,0.021745510314207017,0.20113471383816006,0.01795692336819177,0.05187168410505749,0.03149009847419104,-0.2703928027485567,-2.6701833710123086,-1.9785966871394007,-1.9583333333333335,0.0,0.4996270048489371,-0.24457630261450025,-1.4810669937145486,-0.32397003745318353,0.23836249587322555,0.04166666666666674,-0.04373056994818658,-0.10794297352342153,0.03703703703703698,0.07943925233644866,-0.7400980392156862,inf,0.009646302250803984,3.293577981651376,-0.02777777777777779,0.1420097697138869
1996-06-30,-0.03343525313171747,-0.2654388727197544,-0.04698962617015556,-0.22890738456253223,0.0009704154427192524,-0.09349968445070145,-0.6625056399458565,-0.8377710155952833,-0.8260869565217391,0.0,0.25115035443352807,0.09081983308787422,1.307202039515615,-1.6246537396121883,-0.12023460410557185,0.04800000000000004,0.03641092327698314,-0.028919330289193246,0.0,0.01298701298701288,-0.7400980392156862,inf,0.03573956121726818,3.293577981651376,0.0,-0.04745900804562575
1996-09-30,0.0105943860873432,0.050901768896009614,0.008592252877862583,0.007351154313487207,0.015432988340102094,-0.0495099876827505,0.945187165775401,2.4865181711606095,2.25,0.0,-0.1783708563192684,0.2931293129312931,-0.8399171270718232,3.139689578713969,-0.5657575757575757,0.022900763358778553,-1.0510246758678377,-1.1371473354231976,0.01785714285714257,0.021367521367521514,-0.7400980392156862,inf,0.004783054321831015,3.293577981651376,-0.08571428571428563,0.04330161445525493
1996-12-31,0.06491464041599393,0.6407144917384318,0.07667149502696802,0.45984359608387115,0.03669298653042263,0.3809617714173028,0.7333333333333334,1.0756556825823806,1.076923076923077,0.0,0.3761190418582143,0.43613689095127617,-2.6764452113891286,-0.9646491697911087,-0.0460572226099093,0.014925373134328401,3.028688524590164,1.2114285714285713,0.03508771929824572,0.0,-0.7400980392156862,inf,-0.026521591295477598,3.293577981651376,-0.0625,0.12389833982373433
1997-03-31,-0.04908602792242145,-0.3417758077275638,-0.09166152901504354,-0.23135078562870948,0.05705520708880929,0.07694818441452478,0.46497488765529993,0.5702251741454722,0.5555555555555554,0.0,1.0844395604395602,-0.39795629871965754,-15.441585177560473,-68.5,3.258961228968544,0.08823529411764697,0.2553407934893184,0.21705426356589164,0.05084745762711873,0.05020920502092041,-0.7400980392156862,inf,0.11142158574921401,0.20512820512820507,0.10000000000000009,-0.14370383878909454
1997-06-30,-0.001041613977110667,-0.18855758408210765,-0.00597119099567478,0.21409248078542387,0.009518875866088239,-0.2535422033641461,-0.6981234211476002,-0.7983080573609822,-0.7857142857142857,0.0,-0.6038674848695725,0.5446129075540052,-0.9593371347113329,-2.2076318742985412,-0.9240810717966335,-0.03378378378378377,0.02593192868719596,0.03821656050955413,0.0,-0.07968127490039834,-0.24745379102225584,inf,0.010685103708359511,0.043439716312056786,0.0,-0.33159407943775954
1997-09-30,0.052476318893687646,0.17846479369930646,0.06937283857787757,0.1799991146133073,0.016834800863024135,0.03466389220189314,0.09982068141063949,0.17084398976982107,0.11111111111111116,0.0,0.45009315943572004,0.49913134120917313,-8.561787905346186,-1.2513011152416356,3.0610859728506785,0.19580419580419584,-0.06082148499210094,-0.04089979550102252,-0.048387096774193616,0.19480519480519476,0.13032581453634084,inf,-0.033893034825870694,-0.061172472387425625,0.0,-0.0014338059582603702
1997-12-31,-0.03458223526539839,0.4071140725372062,-0.0752075815074088,0.07386981804539494,0.05554058161340092,0.2791553233757633,1.7782608695652176,3.0602883355176935,2.8,0.0,-0.9414831130690161,-1.9851083555452544,-5.126796476587853,-1.007396449704142,-0.006128133704735417,0.011695906432748648,0.11690496215306978,0.11300639658848621,0.05084745762711873,0.061594202898550776,0.046119733924611994,inf,0.09333762471837792,0.1357466063348416,0.030303030303030276,0.3104658583280153
1998-03-31,0.01232362196731307,-0.16400833652332947,0.008844337974467598,-0.07973495435066147,0.019085960165596383,-0.21788898475697438,-0.6241197183098591,-0.6779642780288357,-0.6842105263157895,-1.0372670807453417,17.163739021329988,-2.0080289394741486,-1.1982250182553502,-174.6,0.9730941704035874,-0.046242774566474076,-0.3057228915662651,-0.26053639846743293,0.016129032258064502,-0.0921501706484642,-0.15218312844425608,inf,0.006770680011775276,-0.23904382470119523,-0.05882352941176472,-0.09155101046992942
1998-06-30,0.05440470243326123,0.02370897990333254,0.0738417376221574,0.02481493198354956,0.017006530721044966,0.02147532543943509,-0.1844912828519386,-0.23722018042098225,-0.25,-0.25,-0.39467412703346805,0.153785557986871,2.1727118163785777,-0.7851382488479263,0.10596590909090908,0.06060606060606055,-0.00759219088937102,-0.02849740932642497,0.015873015873015817,0.045112781954887105,0.5215000000000001,inf,-0.03538011695906429,0.006282722513089034,-0.03125,-0.0010720986330742255
1998-09-30,0.032179304954679244,0.03298378145552738,0.06528071999731644,0.06972810115328576,-0.03506932613424896,-0.10274317805457556,-1.5338225909380983,-2.105562855891371,-2.111111111111111,-2.111111111111111,-0.005648750427935667,-0.16975168158600107,-0.39231009690528285,-5.8203753351206435,-0.46159773953249417,-0.21142857142857152,-0.29508196721311475,-0.2693333333333333,-0.03125,-0.2230215827338129,-0.21130463358527762,inf,-0.06517126401939988,-0.27159209157127984,-0.032258064516129115,-0.034478132546283846
1998-12-31,0.17963185086408506,0.14050421785290435,0.2631298488338578,0.14314406750314546,-0.007643623523020504,0.06355320173326917,-1.0,-0.6632329635499208,-0.7,-0.7,0.33878464451712853,2.5174367252459415,5.779982363315697,-1.0583982202447164,0.04961832061068705,-0.05072463768115931,-0.8418604651162791,-0.6824817518248176,0.0,-0.02314814814814825,0.33666666666666667,inf,-0.15888456549935148,-0.8300000000000001,-0.1333333333333333,-0.002223148534111541
1999-03-31,-0.01338048170870254,-0.14961681783027492,-0.010749925214576628,-0.25746713249994946,-0.020890358464536796,-0.11272068809416025,-inf,2.8741176470588234,3.333333333333334,3.333333333333334,-0.5685568556855686,-0.7494371709614851,-0.8011098827252824,-5.961904761904762,-0.23681818181818182,-0.15267175572519076,-3.3333333333333335,-1.1724137931034484,-0.032258064516129115,-0.15165876777251175,4.190149625935162,inf,-0.00771010023130303,0.0,-0.07692307692307698,0.14524439493106822
1999-06-30,-0.017551940443735647,-0.044481190574617635,-0.02378238603102234,0.013911553524804221,0.00041934113121455674,0.16386054421768703,-1.393120393120393,-1.0334041907075615,-1.0,-1.0,1.169282733955891,-0.7411618343297508,-1.7695367847411445,-1.4318618042226487,0.13400833829660508,0.2792792792792791,0.5210084033613445,2.1333333333333333,0.0,0.3240223463687151,0.0,inf,0.018259518259518215,0.0,-0.04166666666666663,-0.05763618677042803
1999-09-30,0.017834747649968286,0.8110063165181276,0.017465653462849673,0.21501093094059742,0.01887361885014549,0.11273471177029304,3.71875,32.445454545454545,inf,inf,0.27184466019417486,0.5787716955941256,0.16039940514127893,-2.951111111111111,-0.23056722689075626,0.05633802816901423,-0.9447513812154696,-1.9361702127659575,0.016666666666666607,0.05485232067510548,0.0,inf,0.0011446012972149422,0.0,0.0,0.4905806451612902
1999-12-31,-0.05072137287557377,-0.3632046173398694,-0.07694769648701338,-0.007197262390992387,0.02299455853958232,0.3097395491354782,0.2077262693156734,0.25604783908670825,0.26666666666666683,0.26666666666666683,0.18154976235056886,-1.9216913319238902,1.6546442084706459,-1.4874715261958997,0.14607508532423208,-0.1266666666666666,-15.1,1.8409090909090908,0.032786885245901676,-0.14,0.0,inf,0.07774390243902429,1.361344537815126,0.17391304347826098,-0.35855263157894735
2000-03-31,-0.011202765815490956,-0.13852040816326527,-0.026089677452091453,-0.012664279837221182,0.026552848318462496,-0.17058253400621637,-0.023030524584171097,-0.02748322873836828,-0.052631578947368474,-0.052631578947368474,0.07987444383494857,-2.8951279933938894,-0.6408423182142118,-4.9392523364485985,-0.5020845741512805,0.022900763358778553,1.475177304964539,0.9439999999999997,0.015873015873015817,-0.009302325581395321,-0.5401201201201202,inf,0.03818953323903829,1.3416370106761564,0.07407407407407396,-0.12753036437246967
2000-06-30,0.03547812271888007,0.26006375307007623,0.000640407776938412,0.16666854356467975,0.11930132464167809,-0.06263851392190833,-1.5766136576239476,-0.6622162883845126,-0.7222222222222222,-0.7222222222222222,-0.5549033441512629,0.30810941660614866,-1.7578570056967293,-1.7034400948991695,0.7093301435406698,0.29850746268656714,0.05873925501432664,-0.24691358024691357,-0.03125,0.27699530516431947,-0.4756432022985503,0.0,0.08106267029972747,0.07902735562310026,0.034482758620689724,0.08012374323279214
2000-09-30,0.03279193515662149,0.15392803328771487,0.033331959326505345,0.006293497041477192,0.03163032927648768,0.17560451370231056,-2.991239454899416,3.0428194993412383,3.1999999999999993,3.1999999999999993,0.43463099163073804,0.23701839446315565,-0.03809121621621625,0.0,0.41497550734779565,-0.07471264367816088,0.1163734776725307,0.13114754098360648,0.016129032258064502,-0.044117647058823595,-0.1559153175591531,0.0,-0.001260239445494693,0.12112676056338034,0.03333333333333344,0.14664184447944995
2000-12-31,0.05487052048485097,0.3209981551141672,0.03532625240655629,0.13291958830131123,0.09698008739471464,2.9820276076423804,1.7818152191624574,1.7818152191624574,1.8571428571428572,1.8095238095238093,0.9965527909135103,0.04628549202644883,-1.4086399157081395,8.36256323777403,2.745796241345203,0.31677018633540377,0.6303030303030304,0.7826086956521741,0.09523809523809512,0.2961538461538462,0.19150191796990268,0.0,0.04006309148264986,-0.0037688442211056827,0.7096774193548387,0.16597976770325973
2001-03-31,0.01285557763779277,-0.13918689749612312,-0.0631660275506003,0.20356792088596887,0.16744397022741797,-0.28882858808890843,1.2880740393626993,1.2880740393626993,1.2166666666666668,1.2372881355932206,1.4260226669027802,0.28919073491564196,13.391491190373872,-1.4436239193083573,-0.3251914444151043,0.141509433962264,0.9739776951672863,1.2493224932249323,0.15942028985507273,0.041543026706231334,-0.3018821198613175,0.0,0.15256293600242654,0.6973518284993696,0.24528301886792447,-0.28481148243359045
2001-06-30,0.03736322140517068,0.1506831997134459,-0.006781678860556695,-0.13905635556556062,0.10939878704818962,-0.30527919633807,-0.6520147457887461,-0.6520147457887461,-0.6541353383458647,-0.6590909090909092,-0.47540101096735343,-0.040747066521748754,-0.8507121741467347,-2.72553796183516,0.8315398160829583,0.008264462809917328,0.07758945386064031,0.23855421686746991,0.09999999999999987,-0.1310541310541311,-0.5214615111741753,0.0,0.06947368421052635,0.05349182763744431,0.10606060606060597,0.33667814886925274
2001-09-30,0.41422509153480913,0.06256866622720292,0.5842361397154172,-0.02072983396522421,0.16585424871769572,-0.03141088786870616,-0.26204664165379243,-0.26204664165379243,-0.28260869565217395,-0.28888888888888886,-0.1702756761457518,4.140891643157748,-18.920692069206922,0.07552941176470584,0.48830253178079275,-0.26639344262295084,-0.07514854945823146,-0.07295719844357984,0.10227272727272729,-0.3344262295081968,-0.3802816901408451,0.0,-0.17568897637795267,-0.03737658674188993,-0.04109589041095896,0.08504201680672274
2001-12-31,-0.022016344386637243,-0.26771958848162125,-0.006112072546985758,-0.080160538019308,-0.05358913088004369,-0.2293765471187611,-2.555378327185724,-2.555378327185724,-2.484848484848485,-2.53125,-0.25297138664710195,-0.6914489279111923,-0.8619613927194192,-2.799606213082477,-0.5904392764857881,0.011173184357541999,-0.45653817082388504,-0.4627492130115425,-0.061855670103092675,-0.07881773399014769,-0.031100478468899517,0.0,-0.03223880597014939,-0.22857142857142865,-0.29999999999999993,-0.20394465097067327
2002-03-31,-0.002671578279769271,-0.042018191017449746,0.011078522697545612,-0.046244557329462976,-0.03133728848773054,-0.06531455819918075,-0.948852711190873,-0.948852711190873,-0.9387755102040817,-0.9387755102040817,-0.17083368409237587,-0.29852182279366746,-0.2787143723468769,-0.9112569900316071,-0.12793550648440233,0.011049723756906049,-0.8525730180806677,-0.859375,-0.03296703296703296,0.07486631016042766,0.6950617283950618,0.0,-0.02868599629858104,-0.8129154795821463,-0.24489795918367352,0.004410429368270741
2002-06-30,-0.0010270358993598183,0.07397808784514104,-0.016953166603466463,0.041458218409389236,0.03362904090654539,0.19329186258708186,-3.6578947368421053,-3.6578947368421053,-3.3333333333333335,-3.3333333333333335,0.8098412805847914,-0.22059434746467166,-1.7421108682248754,-4.745205479452055,0.5494372990353698,0.06557377049180313,-1.5754716981132075,-1.5555555555555556,0.03409090909090917,0.10447761194029881,5.817188638018936,0.0,0.03461416322642097,0.0,-0.108108108108108,0.03125403590339659
2002-09-30,-0.013405565779096351,-0.018229851668019936,-0.03022424484646269,-0.23302983534396948,0.021401748222525052,-0.04504152527237004,1.887788778877888,1.887788778877888,1.714285714285714,1.714285714285714,-0.5278146562201986,-0.3324890014664711,-0.7538519637462235,-2.112655449890271,-0.3945525291828794,-0.10256410256410253,0.9344262295081966,0.925,0.0219780219780219,-0.1351351351351352,0.0,0.0,0.03529772866789438,0.0,-0.06060606060606066,0.28015028177833434
2002-12-31,0.003872280410581741,0.08475741161395534,0.011227823289943206,0.4648504477043247,-0.010581055114599835,0.21041742159464172,0.413061224489796,0.413061224489796,0.47368421052631593,0.42105263157894735,1.2517424362426737,0.11875374475733969,8.499846578705125,-0.3073635765943459,-0.4513710368466153,0.10285714285714276,-2.9661016949152543,-2.974025974025974,-0.021505376344086002,0.08333333333333348,0.0,0.0,-0.01452712718648097,1.3096446700507616,0.06451612903225823,-0.2595382508315398
2003-03-31,-0.03890997098223381,0.3405032162455299,0.015015322046991297,0.2980800494212512,-0.14720652945756107,0.3125639787542249,-5.531831311380705,-5.531831311380705,-5.392857142857142,-5.555555555555555,0.04723800144211321,0.18216223936018272,-0.10287467700258401,-0.3649738965353583,-0.5224521671222179,0.1658031088082903,-2.4245689655172415,-2.401315789473684,-0.15384615384615385,0.1875,-0.423076923076923,0.0,-0.11251504211793018,0.0,0.21212121212121215,0.03276522658211123
2003-06-30,-0.006406424771114527,-0.11881854376787448,-0.03247256529208664,0.05935063715207112,0.055899250262508415,-0.06739456723270254,-1.4564668689289446,-1.4564668689289446,-1.4552845528455285,-1.4471544715447155,0.3477925000419837,0.3585925702204773,0.19657965796579657,-2.523916292974589,1.667211774325429,-0.026666666666666727,-0.7004538577912254,-0.704225352112676,0.06493506493506485,0.14979757085020218,0.0,0.0,0.06271186440677967,0.0,0.09999999999999987,-0.16822310349238834
2003-09-30,0.01256885770417071,0.1942962080784021,-0.03995361326359903,-0.12050386290956594,0.1276056677033386,-0.010137587175360507,0.2660857908847185,0.2660857908847185,0.24999999999999978,0.2727272727272725,-0.17886290292435547,0.06538025476291054,-0.4916804573491801,-0.4683668464933791,0.3323114653586756,0.08675799086757996,-2.5303030303030303,-2.5555555555555554,0.10975609756097571,0.021126760563380254,0.0,0.0,0.11355661881977674,-0.5538461538461539,0.09090909090909083,0.3578898800369117
2003-12-31,0.03437674020972703,0.09105648973502123,0.039028776436637935,0.05202067384919373,0.025701735169051165,-0.03365717974671434,-0.12727192518087171,-0.12727192518087171,-0.11428571428571421,-0.1428571428571428,-0.4547661679463446,-0.4608338202153409,-0.24493903160885522,-3.456642066420664,-0.8334100322135297,-0.02941176470588225,1.0891089108910887,1.1020408163265305,0.03296703296703285,-0.12413793103448267,0.7701851851851853,0.0,-0.008593526210254998,1.0443349753694582,0.04166666666666674,0.037150300147241966
2004-03-31,0.04863628091779004,0.24726681597142286,0.05906714270597324,0.18893864956205642,0.02893232967412107,0.12664951174452366,-0.039023403932669454,-0.039023403932669454,-0.048387096774193616,-0.033333333333333326,1.715406879661583,1.006850110298386,-1.420194418312951,-20.179496808111153,70.54558011049724,0.11255411255411252,2.549763033175356,2.679611650485437,0.010638297872340496,0.07480314960629908,-0.47965268333507693,0.0,-0.018780699219878683,2.749397590361445,-0.020000000000000018,0.049033526264060434
2004-06-30,0.028067463868326037,-0.06487033763676642,0.020253022486781624,0.0027297005389546047,0.0432613109859139,-0.12343708822582067,0.01614854557887546,0.01614854557887546,0.0,0.01724137931034475,-0.5313006046940658,0.47073570533217635,-0.9694029850746269,-1.594615761135585,-0.5863047549180487,0.1712062256809339,-0.034267912772585674,-0.01319261213720313,0.04210526315789487,0.16117216117216104,-0.7012464817048654,0.0,0.015017667844522853,0.03213367609254503,-0.04081632653061229,-0.06735373724755356
2004-09-30,0.03598749102137022,0.1015462838343053,0.039714034268665044,0.0623013895364104,0.02890166037870623,-0.0026640610646222473,-0.07744072885391862,-0.07744072885391862,-0.06779661016949146,-0.08474576271186429,0.588156830158973,-0.18531436438733362,-43.920731707317074,-1.1138294369443529,0.1613234401978627,0.16279069767441867,-0.08894009216589871,-0.0935828877005348,0.030303030303030276,0.11671924290220814,0.1440107671601616,0.0,-0.006962576153176747,-0.04856787048567868,-0.06382978723404253,0.036946087733005895
2004-12-31,0.027665663008462626,0.057170474230387125,-0.02543589928865153,-0.006789921053295345,0.12969661509015773,0.2948845699739582,0.8082706766917294,0.8082706766917294,0.7999999999999998,0.8148148148148147,-0.21389822107176293,0.04784973926479119,-0.027134536155703937,-5.2985247324269595,-0.5971228803343245,0.06285714285714294,0.09914011127971678,0.125368731563422,0.1470588235294117,0.031073446327683607,0.13647058823529412,0.0,0.0993280747881975,0.09031413612565453,0.045454545454545414,0.06437029063509137
2005-03-31,0.03396820363415354,0.11999753440278615,0.044687234374958695,0.12912859529988974,0.016200604834285093,-0.06832041076313222,-0.3557575945635647,-0.3557575945635647,-0.5656565656565656,-0.5714285714285714,0.8919482248261608,-0.08070040703478998,-1.203271028037383,-4.334993270524899,4.94294833433074,0.10483870967741948,-0.03221352968246671,-0.011795543905635753,0.008547008547008517,-0.03835616438356171,-0.05124223602484479,0.0,-0.017273452032952497,0.006002400960384069,-0.021739130434782594,-0.008090614886731351
2005-06-30,0.02262457171609067,-0.048798385617317974,-0.030984251868712342,-0.13306014493079577,0.1139762096042709,0.05420825409164731,0.7060976784510162,0.7060976784510162,0.6744186046511627,0.6904761904761905,-0.2588296286695613,0.4372023859250471,-2.2061781609195403,-1.1541224423907341,-0.12818877551020413,0.009732360097323589,0.09938183547313373,0.14456233421750664,0.1186440677966103,0.002849002849002913,-0.008183306055646433,0.0,0.08950784207679807,0.11217183770883055,0.022222222222222143,0.09716557911908641
2005-09-30,0.10582950255307244,0.11947926711668266,0.19496388952102928,0.6065209721270988,-0.026294056066069604,0.06500355534486846,-0.0470329173959686,-0.0470329173959686,-0.04166666666666674,-0.042253521126760396,-0.262606327833223,0.6512241623846171,-21.393686718284695,5.383739198743126,-0.9386478265891502,0.3084337349397588,0.0912629757785468,0.09733487833140209,-0.030303030303030276,0.16761363636363646,0.11496149614961504,0.0,-0.11963266319185895,0.0702789699570816,0.021739130434782483,-0.30313167921196915
2005-12-31,0.05610894370036812,-0.008045481953656619,-0.02025683317882776,-0.294043174389913,0.19502764520952431,0.39148228515612926,0.7331733617727219,0.7331733617727219,0.7391304347826089,0.7205882352941175,0.989480816464809,-0.12524377794205654,-0.584241114453433,-1.1525667056338318,2.334170065892689,0.058931860036832484,0.13079667063020195,0.15205913410770844,0.203125,0.0924574209245741,-0.07893438579181045,0.0,0.13166055821821243,0.08972431077694232,0.06382978723404253,0.4051206827577012
2006-03-31,0.007530577716551745,-0.2863897669248672,-0.07179171521483896,-0.1819758079273872,0.12583241560051373,-0.045823299952906016,-0.09127425006409706,-0.09127425006409706,-0.09166666666666656,-0.07692307692307676,0.3197983805736959,-0.0809442557506882,-4.015734756954201,-1.28390912757091,-0.19875776397515532,0.034782608695652195,0.10515247108307046,0.163153070577452,0.12337662337662336,-0.14031180400890875,-0.14461703267273707,0.0,0.11733931240657713,0.10395584176632933,0.06000000000000005,-0.1276454398785234
2006-06-30,0.0805598716606788,0.14139078690379847,0.10233194607254359,0.06227944096148352,0.053788678139572,-0.11162743052968782,-0.11851782187529392,-0.11851782187529392,-0.11926605504587162,-0.12962962962962976,-0.26229444741918206,0.1919712056327667,-1.6825677816081246,-4.572443181818182,0.8861874559548979,-0.025210084033613467,-0.020298128766254364,0.0023640661938533203,0.06358381502890187,-0.13212435233160613,-0.2016280525986225,0.0,-0.02474916387959869,0.011249999999999982,-0.018867924528301883,0.0744125326370757
2006-09-30,0.21618791097078938,1.9159554562852161,0.16841517991180455,0.6086036337216953,0.277635784542273,-0.03170959254483896,3.033373164902697,3.033373164902697,3.083333333333333,3.085106382978723,-0.24189556715726146,-2.386334582323121,0.04695604695604705,39.565142478462555,19.058720966436265,0.07068965517241388,0.552929750728391,0.6533018867924527,0.2880434782608696,0.008955223880596996,0.007058823529411784,0.0,0.05052583447645187,0.7560774618871036,-0.05769230769230771,0.8127784528149047
2006-12-31,-0.07347067617527625,-0.42289221161703594,-0.16902173100499363,-0.1784233315768975,0.03892572302876296,-0.07070324340709311,-0.8300391492963708,-0.8300391492963708,-0.8265306122448979,-0.828125,-0.9878417349175223,-1.666412286559191,-6.070893089960887,-1.9157202415181138,-0.8700682658487596,0.10789049919484706,-0.17406712528663748,-0.12077983832620054,0.029535864978902815,-0.14201183431952658,-0.3901869158878505,0.0,0.12121871599564749,-0.011027686532144587,-0.10204081632653061,-0.29754789700050266
2007-03-31,0.004832948212883048,-0.3046198389518566,-0.013301577770206241,-0.13511295597684714,0.021894883400091825,0.11585955429223804,0.5111436219884207,0.5111436219884207,-0.26470588235294124,-0.24242424242424243,127.89753320683113,-0.09647867162897228,-0.9572296320102844,-1.055617995568543,0.3724375209060067,0.15116279069767447,-0.09540636042402828,-0.06003244997295831,0.020491803278688714,0.12068965517241392,0.24137931034482762,1.0,0.017080745341614856,0.016607354685646447,-0.06818181818181823,-0.19600826972010177
2007-06-30,0.06830147388704422,-0.026681061775973847,0.08311907952918873,0.0875178480954355,0.054840442989026794,-0.0821671112317498,-0.14771252600572637,-0.14771252600572637,-0.14,-0.16000000000000003,-0.22014897908109943,0.4519697929869033,-4.7822362488728585,-3.1716063638696435,-0.5893074753664567,0.20580808080808088,-0.095703125,-0.06156501726121988,0.056224899598393385,0.18153846153846143,0.22016460905349788,0.0,-0.01259541984732837,0.0030338389731623394,-0.07317073170731703,-0.10503412125407974
2007-09-30,0.05483529100510287,-0.07407494079433874,0.07898164768865246,-0.05271249539411549,0.032311508024140734,-0.028345238636880654,-0.14315061871616397,-0.14315061871616397,-0.13953488372093026,-0.1428571428571429,-0.18119095036291044,-0.06771051179932952,1.300830452576787,-0.7299932055183007,-0.3874358865669111,-0.08481675392670163,-0.5118790496760259,-0.4996934396076026,0.03041825095057038,-0.13541666666666663,-0.0699831365935919,0.0,-0.02145342095090841,-0.48371335504886004,-0.02631578947368418,-0.02254392750580181
2007-12-31,0.06323179825596004,0.11918012485151763,0.11007233812661998,0.12787427626137293,0.017563492123858104,0.13502645626521814,0.18599272275971002,0.18599272275971002,0.16216216216216206,0.19444444444444442,0.5397685355957211,0.024350279914432615,-0.5162593903807962,-1.4427789934354487,0.28004982354162333,0.0652173913043479,0.030973451327433565,0.013480392156862697,0.011070110701107083,0.03614457831325302,1.0970081595648233,0.0,-0.0428599644479557,0.030644434429923484,-0.027027027027027084,-0.007687959299038871
2008-03-31,0.05496528560704239,0.22849155198655913,0.11192379761002225,0.2749478724838068,-0.005616408021624664,0.1327062609260663,0.09341926891335883,0.09341926891335883,0.09302325581395343,0.06976744186046524,-0.006542993606731606,-0.15475238349138642,-0.1449073578237121,4.805287867556214,1.2700832522434857,0.22234156820622997,-0.03862660944206009,-0.0713422007255139,-0.007299270072992692,0.20639534883720945,0.15088629485516658,0.0,-0.057366900536524934,-0.05203323130738957,-0.02777777777777779,-0.03645892674034412
2008-06-30,0.16671402023184645,0.6057043278775311,0.12118011225018654,0.47766038815269907,0.22086904719397582,0.13295181902199404,0.18814573137574775,0.18814573137574775,0.17021276595744705,0.19565217391304346,0.0829138533879914,0.882293747465493,7.403557114228457,3.015450753383843,2.2465945894456087,0.34622144112478015,0.012755102040816313,-0.006510416666666519,0.15441176470588225,0.3566265060240963,0.3782870022539442,0.5,0.046409807355516586,-0.014298892988929834,0.028571428571428692,0.08667376138110439
2008-09-30,0.30152455533189726,-0.014342038382811562,0.3156595568965992,-0.3308125760119852,0.28608602291224927,-0.016210308052110878,0.22636155606407327,0.22636155606407327,0.18181818181818166,0.16363636363636358,0.032079161070789786,2.184284859365649,1.7864737035601794,-1.9429504234727948,-0.652507500128364,-0.16644908616187992,0.0346347607052897,0.0183486238532109,0.286624203821656,-0.27708703374777965,-0.22649223221586257,0.0,-0.011924686192468559,0.08142255498362183,-0.05555555555555547,0.47290533188248074
2008-12-31,0.04622755790810107,0.06981978842910697,0.023573607671411256,0.19142292962387675,0.07153962434875027,-0.05046156359774523,-0.3476638304224511,-0.3476638304224511,-0.3384615384615385,-0.328125,0.41399165301347796,-0.6612929294447973,-0.9262855543292795,-0.7833447620760592,-0.40682652931988006,-0.4596711041503524,-0.1168594035301278,-0.11454311454311461,0.07178217821782185,-0.5798525798525799,-0.5324171952078929,0.0,0.024137200931611202,-0.0333189095629598,-0.08823529411764708,-0.10202423167848695
2009-03-31,0.01272589840677063,-0.007549652481484093,-0.016338740684693986,-0.17576330186612754,0.04374715871329782,0.006336410485834554,0.0887871853546911,0.0887871853546911,0.06976744186046524,0.06976744186046524,-0.27267438810980404,-0.3991477272727273,-0.8295762383900929,-0.8520209619675193,-0.10149105014056437,-0.11304347826086958,-0.1150930392832531,-0.09738372093023251,0.04157043879907607,-0.17543859649122806,-0.11303692539562926,0.0,0.03059747777548072,-0.007609668755595211,-0.09677419354838701,0.20403126285479223
2009-06-30,-0.033367468965162184,-0.18870467364146726,-0.04929311864552843,-0.15108832777269032,-0.017348228417448985,-0.12445552045618735,-0.4640184951660361,-0.4640184951660361,-0.4565217391304348,-0.4782608695652174,-0.030701351829755974,-0.5830008865248226,-11.71785410161794,-2.6125525946704067,0.18214582755752695,0.25163398692810457,-0.2009345794392523,-0.1900161030595814,-0.0177383592017738,0.2056737588652482,0.25148683092608337,0.0,0.016649949849548706,-0.09517365809652689,-0.1071428571428572,-0.04427741715066624
2009-09-30,-0.009556572813744224,-0.09658272702266857,-0.012294008768965248,-0.06772226140679749,-0.006892563567535981,0.010726282076319205,0.5252529213395027,0.5252529213395027,0.52,0.5416666666666667,-0.21038748469743185,0.710086514896507,-1.0649911279430069,0.26592737551641665,0.19505494505494503,0.09791122715404699,-0.1705653021442496,-0.15506958250497005,-0.006772009029345272,0.11764705882352944,0.2905634758995248,0.3333333333333335,0.0027624309392264568,-0.11615154536390826,-0.040000000000000036,-0.030957317509115678
2009-12-31,0.02628742838642162,-0.1597130806221959,0.05984851918152767,0.24909374848283794,-0.006195807247888263,0.12786625511421557,-0.06512070339614884,-0.06512070339614884,-0.10526315789473684,-0.05405405405405406,0.6867703113623709,0.5974134730771554,-2.5085574572127136,-0.22913088285812433,0.12582001682085786,0.18668252080856118,-0.05052878965922447,-0.04705882352941182,-0.00909090909090915,0.19473684210526332,0.3997895844292476,0.5,-0.031680440771349905,-0.04850535815002832,0.0,-0.32728345875756226
2010-03-31,0.03489058074317719,0.04403165874487569,0.04644855621958999,-0.14069721870435092,0.022960374375039283,-0.08966474226097687,-0.21086789132108674,-0.21086789132108674,-0.17647058823529405,-0.22857142857142843,-0.4104416977280344,0.2679025022969248,-15.431388438681793,-3.596479500891266,-0.29017879376462974,0.0350701402805611,-0.125,-0.1308641975308642,0.022935779816513735,0.04405286343612347,0.0935738444193912,0.16666666666666674,-0.01158301158301156,-0.10551274451689385,-0.04166666666666663,0.21495942092564135
2010-06-30,0.015289682330438925,-0.15529250043382548,0.033971519884441026,-0.14500079155076107,-0.004436582116680077,-0.08036470388979844,-0.2444243100083635,-0.2444243100083635,-0.2500000000000001,-0.22222222222222232,0.09461054118538814,-0.13554560954816708,-0.1118390266729059,-2.6459280871878486,0.672864409752675,-0.14230396902226528,-0.03111739745403108,-0.045454545454545525,-0.006726457399103158,-0.16033755274261607,-0.00996563573883169,0.1428571428571428,-0.019325657894736725,-0.018555334658714395,0.0,-0.012096046217728751
2010-09-30,0.019769004185830275,-0.10985390140056472,0.0390634571228714,0.3425692028937588,-0.001390104794182112,0.12101865209695406,-0.8202195369430865,-0.8202195369430865,-0.8095238095238095,-0.8095238095238095,-0.0217735145301029,-0.015345091986725956,-0.31213909378292937,-1.5264337851929093,-0.21174373492712595,-0.1444695259593679,-0.2802919708029198,-0.2946428571428571,0.0,-0.14070351758793975,-0.12287400208261023,0.0,-0.02075471698113207,-0.28899392302498317,-0.0434782608695653,-0.3369883040935673
2010-12-31,0.014777118156641844,-0.08134941285607622,0.013767892698010709,-0.002311690785088305,0.015928711934544815,-0.010290695021220264,11.598768599281684,11.598768599281684,10.5,10.5,-0.05546438856444169,-1.116926821206977,-2.87516468029045,-2.8184609289888085,0.4884803660742789,0.09102902374670174,0.13184584178498993,0.11814345991561193,0.013544018058690765,0.0935672514619883,0.5045508508112388,0.125,0.0010704345964460682,0.16334283000949656,0.0,-0.07910694597574419
2011-03-31,0.010830378091954751,-0.20427766393442626,0.01409537262273064,-0.20449586124047592,0.0071127249425961825,-0.03619135446685884,-0.7376094481775606,-0.7376094481775606,-0.7391304347826086,-0.7391304347826086,-0.22318364148902647,-9.485416934344084,-1.6197357994232355,-2.6912477533903383,-0.5550233248136696,0.373639661426844,-0.1577060931899642,-0.16603773584905657,0.00445434298440972,0.3529411764705881,0.2196212519726457,0.11111111111111116,-0.0036355859709154004,-0.14938775510204083,-0.045454545454545525,0.00014965579167913745
2011-06-30,0.049835157384126694,0.45995369510579565,0.056222128601401966,0.1862706969739596,0.042512274525190685,0.15151225206433638,3.2431320813285733,3.2431320813285733,3.416666666666667,3.333333333333334,0.41962220297545305,-0.23406317192089887,-0.5164513577643026,-1.4643029658970148,0.5791291773778919,0.2896126760563382,0.35531914893617045,0.343891402714932,0.04212860310421296,0.2845849802371543,0.5225361224929912,0.09999999999999987,-0.007083065035415226,0.3061420345489443,0.04761904761904767,0.2307346999850366
2011-09-30,0.05228909029307127,0.3146185093157168,0.06360266221708688,0.00785773077942542,0.039147105659193215,0.08899607804034959,-0.47908627027817907,-0.47908627027817907,-0.49056603773584906,-0.4807692307692307,0.19443500556036075,0.561758658864463,1.8883103429474946,0.6378138438063532,0.6006511675230197,0.16382252559726962,0.17268445839874413,0.164983164983165,0.04042553191489362,0.11692307692307691,-0.1526912181303115,0.0,-0.012537829658452293,0.14842027920646572,0.0,0.30443768996960485
2011-12-31,-0.03150525322327158,0.1153507484590548,-0.08336067399217939,0.18813608003405125,0.03014825002324817,0.02253955294772947,-0.07439786531844672,-0.07439786531844672,-0.5185185185185186,-0.5185185185185186,-0.1822778262696796,-1.4188101265822786,-3.4421938857374776,-2.3981959854323707,-0.5246789982201882,0.07859237536656893,-0.1807228915662651,-0.17341040462427737,0.026584867075664542,0.03581267217630857,-0.1024740889334671,0.09090909090909083,0.06370402802101571,-0.20089571337172107,0.045454545454545414,-0.06123590269363399
2012-03-31,0.016461067811953,-0.017562174667437813,0.02295433877106512,-0.061716529195209424,0.009591555933955664,0.015338121443895236,-0.3051625384060994,-0.3051625384060994,-0.3076923076923077,-0.3076923076923077,0.04196152538486486,-2.8866690846077896,-1.2237853046207121,-1.0732047127237483,0.08080639229714826,-0.02610114192495927,0.014705882352941346,0.02447552447552437,0.007968127490039834,-0.05053191489361697,0.1404358353510895,0.08333333333333348,-0.006791520889071867,-0.018414731785428295,0.04347826086956519,0.04696187450357425
2012-06-30,0.0016802966479920745,-0.1291036626467723,0.0004495490899703025,0.058062293188971825,0.0029995915209537483,-0.023807948966693138,0.9618408123157549,0.9618408123157549,0.8888888888888891,0.8888888888888891,0.2093033844285932,-0.5010706638115632,-1.8568665377176017,5.749275961936284,0.5046090076713685,-0.011725293132328396,-0.16425120772946855,-0.15358361774744034,0.001976284584980448,-0.019607843137254832,-0.05993793891883059,0.0769230769230771,0.0014504765851637291,-0.166394779771615,0.0,-0.17686107159791375
2012-09-30,0.016494746713975328,-0.24062501056217822,0.045543784573177204,0.21102860713667537,-0.014565083773981469,0.1175086671911525,0.018671564126109486,0.018671564126109486,0.0,0.0,0.028915299757784174,1.7853756167521113,-2.7158980973879396,-1.682890945871391,-0.22902489669209103,0.1983050847457628,0.06743737957610785,0.07258064516129026,-0.015779092702169595,0.19428571428571417,0.4037526059763723,0.0714285714285714,-0.030622801572522174,0.04011741682974557,0.04166666666666674,-0.372926267281106
2012-12-31,0.029751923794601565,0.20312096637795207,0.04290013220573741,0.07594418469439668,0.014836067642184148,0.2459124072838983,0.11634069055944063,0.11634069055944063,0.17647058823529416,0.11764705882352944,0.20132341281941812,-0.13709336550801932,-0.7554266115391843,-0.39272890484739675,-0.18039518946161437,0.10796793965110796,0.12093862815884493,0.10526315789473695,0.014028056112224352,0.1267942583732058,0.03873762376237644,0.06666666666666665,-0.014514407684098285,0.029162746942615225,0.08000000000000007,0.11813338232592319
2013-03-31,0.015493533475741339,-0.1162739077355629,0.03209670058667147,0.00703608554979418,-0.0038626341635518147,0.009208416806577358,0.047887048229622975,0.047887048229622975,0.0,0.05263157894736836,0.07972342510191344,0.1619331338391934,0.8235039861684756,0.5194382852919439,-0.33442868297761585,0.22978723404255308,0.18518518518518512,0.16666666666666652,-0.0039525691699603405,0.2123142250530785,0.11080662456809232,0.0625,-0.019059995668182728,0.09414990859232186,0.07407407407407396,-0.12241209332895175
2013-06-30,0.07041628589396054,0.6878474547890154,0.06514527287062188,0.10536729984975324,0.07678312219116856,0.20465595992338304,1.0809359237810572,1.0809359237810572,1.0999999999999996,1.0999999999999996,0.3037214660178198,0.021208509464115233,-0.5784719112960572,-3.609203229886176,1.3110426748790145,0.175432525951557,0.31657608695652173,0.2973760932944607,0.07539682539682535,0.180385288966725,-0.0017161857771105238,0.0588235294117645,0.005961580922940968,0.17460317460317465,0.10344827586206917,0.526867627785059
2013-09-30,0.002681580633949965,-0.2813466503634736,-0.010629663999824235,-0.19239427902206963,0.018586404495414044,-0.030755203700409184,-0.2157349013623,-0.2157349013623,-0.5952380952380951,-0.5952380952380951,-0.0020664882682611685,0.1617873883069949,-0.15501405810684166,-1.7212900820283372,-0.40918416989233664,0.09891080365027971,0.12899896800825594,0.12808988764044948,0.01845018450184499,0.022255192878338104,-0.18147630815515192,0.11111111111111116,0.015803336259877065,0.0597439544807965,0.0625,-0.11011649294911097
2013-12-31,-0.009999618395863386,0.30764850425875556,0.027313851771108233,0.021619293065145984,-0.05330449935458492,0.1184191809108639,0.1152828055917241,0.1152828055917241,0.11764705882352944,0.0588235294117645,-0.06815463176116421,-0.7376137839252144,-14.394927536231885,-0.7657275781855777,-0.16225118144064155,-0.04152156442539501,0.14351005484460688,0.13147410358565748,-0.05434782608695654,-0.05950653120464433,-0.1831189288527174,0.09999999999999987,-0.04364736387208301,0.07516778523489953,0.02941176470588225,0.28000551191952594
2014-03-31,0.03306411460968306,-0.013378235360874569,0.03619909828206813,0.060609700788173626,0.029115912985654635,0.04582911933828826,0.37314294511584944,0.37314294511584944,0.368421052631579,0.44444444444444464,-0.009586969168120962,3.138275738960224,-1.4570777188343556,-1.4481465136804943,0.08679487179487189,0.030184460592509677,0.21023181454836148,0.20070422535211252,0.042145593869731934,0.08950617283950613,-0.10252289892334876,0.09090909090909083,-0.0038409399005874256,0.1404494382022472,0.05714285714285716,-0.06975993110130263
2014-06-30,0.012271620892868373,-0.1811893106492256,-0.024331383142902396,-0.16291363480865784,0.058686763126264196,0.04586869830110851,0.10640842372770498,0.10640842372770498,0.0769230769230771,0.0769230769230771,0.2905183688493136,-0.17787403167652338,-1.3989686114901994,8.935499753815854,0.7934803979395226,-0.027672273467172936,0.07133421400264206,0.07478005865102655,0.0588235294117645,-0.06657223796033995,-0.21736794986571173,0.08333333333333348,0.04581537763665233,0.038861521620142225,0.05405405405405417,-0.021872468464298134
2014-09-30,0.11486868108218928,0.9207895562176571,0.22579759122160703,0.1950699577795756,-0.01476640330999246,-0.039704643961686936,-0.14889376794460396,-0.14889376794460396,-0.14285714285714302,-0.14285714285714302,0.08718026519404076,0.320181215533587,-9.200847585893749,12.101590762674068,5.796470072352554,-0.07142857142857151,0.07829839704069053,0.043656207366984834,-0.005208333333333259,-0.12291350531107736,-0.14458933882406777,0.0769230769230771,-0.11624376490999788,0.042676501580611204,0.0,0.6073118788452438
2014-12-31,-0.0636354744678389,-0.29679426341874937,-0.04237685905545607,0.1530230526974914,-0.09454499970631369,0.20699898636178093,-3.2003710759217365,-3.2003710759217365,-3.2500000000000004,-3.2500000000000004,-0.18173775195226372,0.8843767130797062,-0.6113984090951037,-2.093260760202287,-0.932403616925871,-0.05078125,-0.7398513436249285,-0.7477124183006536,-0.09424083769633507,-0.04671280276816614,-0.11981813319069279,0.0714285714285714,-0.03288343558282203,-0.7569479535118747,0.025641025641025772,-0.3901361796098638
2015-03-31,0.013720282559809949,-0.15490256308547412,0.01268868458501915,-0.19292290057673267,0.015306620096857682,-0.2479579420197927,-1.181516068376839,-1.181516068376839,-1.1851851851851851,-1.1851851851851851,-0.08801268823439123,-0.42219445640411,0.16692946294572475,-0.9757605532932225,-0.3343514364799084,-0.10636277302943964,-0.6351648351648351,-0.6424870466321244,0.01348747591522148,-0.01270417422867498,2.5742935278030994,0.06666666666666665,0.0015224562293834065,-0.632016632016632,-0.025000000000000022,0.0471937235968618
2015-06-30,-0.0013429909676918594,-0.27020374753508125,0.006656693015327342,-0.30762316695882763,-0.013612768560870903,-0.3409637128441255,-1.683343684014408,-1.683343684014408,-1.7000000000000002,-1.7000000000000002,-0.35967776319184985,-0.31712394805142496,-0.1751212841467782,-1.183128746788467,0.09198451390880402,0.15657102373361664,-3.951807228915663,-3.8115942028985508,-0.013307984790874361,0.14154411764705865,2.4696080931735103,0.0625,-0.012414492019255152,0.0,-0.1282051282051282,0.053941908713692976
2015-09-30,-0.0036781642603344045,-0.15518857380398676,0.0011702873828074445,-0.04757720941574739,-0.01126744942486102,-0.003268069879887814,-0.436018612767195,-0.436018612767195,-0.4285714285714286,-0.4285714285714286,-0.1451258688160738,-0.3325161742207804,-0.7212891511575125,-6.033515198752923,-0.42400367671196904,-0.19969372128637064,1.1346938775510202,1.1082474226804124,-0.011560693641618602,-0.19001610305958128,0.0,0.0588235294117645,-0.007696254489481746,0.0,-0.08823529411764708,-0.11297025371828517
2015-12-31,-0.040617378760297806,-0.32789282381940477,-0.032776131563649,-0.11308244064988615,-0.053045688508990496,-0.08026308893663858,6.162820678097202,6.162820678097202,5.75,5.75,0.0643605282755888,-0.20600336895589977,-1.7179223905962329,0.2788789098792195,-0.9414111478399635,-0.25908916953693073,-0.4847036328871892,-0.48899755501222497,-0.05458089668615984,-0.2504970178926441,0.0,0.05555555555555558,-0.01292657704239919,0.0,-0.19354838709677413,-0.2421403032918259
2016-03-31,0.0837737478427465,3.9776014255521943,-0.15189268274986623,-0.15355420459176738,0.4652984190628253,0.004091996922989338,-0.5393074403369209,-0.5393074403369209,-0.5555555555555556,-0.5555555555555556,-0.6014327622397823,-0.6239627169338852,-29.148789268629482,-71.08136578278241,1126.0739299610896,-0.010847107438016534,0.6530612244897958,0.7894736842105265,0.30515463917525776,0.04774535809018565,0.0,0.05263157894736836,0.35227867993714,0.0,-0.16000000000000003,4.880266796811452
2016-06-30,-0.02318863248828451,-0.08526447681170879,-0.023843926445128227,0.14599111253774155,-0.022574607854459527,-0.1245828027849798,0.22885494393874284,0.22885494393874284,0.16666666666666674,0.16666666666666674,0.3714607827347398,0.36292336434768124,-1.1284205805109913,-1.1068171844603163,-0.10672241056694443,0.25796344647519587,0.08641975308641969,0.16844919786096257,-0.02211690363349128,-0.03544303797468362,0.0,0.04999999999999982,0.0005810575246949501,0.0,-0.04761904761904756,-0.2017927294859735
2016-09-30,-0.0069202419185454556,-0.005450231934445493,-0.008986691156019022,-0.1388550921265701,-0.0049864487720492345,0.2577345066770387,-0.8369098712446352,-0.8369098712446352,-0.8571428571428572,-0.8571428571428572,0.23781619184066516,0.25404106893228917,-0.6002264696653433,-0.7364053957881798,-0.031492395988328314,0.03735990037359893,-0.08987603305785119,-0.022883295194508046,-0.004846526655896688,0.06036745406824151,0.0,0.04761904761904767,0.0019357336430507743,0.0,0.0,0.15492860113683604
2016-12-31,-0.07399816447125696,0.09187288852961584,-0.04263133222491644,0.3102666659890325,-0.10323338863179954,0.019527814733803828,27.53411306042885,27.53411306042885,30.0,30.0,0.32562971396043827,0.4402428597712096,-0.6825580998532573,-0.8373320242989507,-0.005289379540416528,-0.08523409363745493,0.6833144154370032,0.7822014051522248,-0.12337662337662336,-0.08168316831683164,0.0,0.045454545454545414,-0.03168469860896439,0.0,0.04999999999999982,-0.16667667006782294
2017-03-31,0.023780841214632753,0.04530361889755419,-0.006925118849959833,-0.1296177059252479,0.05433414847018714,0.6362013453779096,-1.3611149064079793,-1.3611149064079793,-1.370967741935484,-1.370967741935484,0.9278741555021184,0.6212568663255107,0.5784777467211353,-15.689928328932478,0.07811377978184386,-0.02099737532808399,-0.3627781523937963,-0.36268068331143233,0.07777777777777772,0.11590296495956864,0.0,0.04347826086956519,0.02992817238627299,0.0,0.23809523809523814,0.2009507346585997
2017-06-30,-0.0047534621770929375,-0.016689540339403397,0.01585167008315036,0.04468459635909894,-0.024064902985727943,-0.11081737128820901,-0.7963772228528188,-0.7963772228528188,-0.782608695652174,-0.782608695652174,-0.032704972195205295,-0.12060143127294298,5.251242934005313,-1.53799142336235,-0.038979692456533654,0.036639857015192234,-0.31005291005291014,-0.3134020618556701,-0.018900343642611728,-0.03623188405797084,0.0,0.10416666666666674,-0.01937233630375823,0.0,0.15384615384615374,-0.058744152572867914
2017-09-30,-0.017375938770665678,-0.024183772206397225,-0.0361818060485104,0.8694235182704695,0.0009700870277449258,-0.16297070084720178,-0.1830259673897896,-0.1830259673897896,-0.20000000000000007,-0.20000000000000007,-0.274273893954745,-0.0934581409567179,-0.7452907274450631,-0.7003484320557491,-0.012154088598233637,0.1008620689655173,-0.14110429447852746,-0.14114114114114118,0.0017513134851137035,0.12030075187969902,0.0,0.09433962264150941,0.018569735282496946,0.0,0.06666666666666665,-0.4780018477810698
2017-12-31,-0.07826872974902732,0.06535669172136505,-0.113008680558351,0.4377022321408197,-0.045636116545677674,0.0391447163584282,-3.52692329561608,-3.52692329561608,-3.5,-3.5,-0.05281833517538248,-0.2519244186046512,2.4498053808973865,3.811882765211851,-0.05920361544009278,0.05364134690681288,-1.682142857142857,-1.6923076923076925,-0.04195804195804187,0.05145413870246096,0.0,0.0862068965517242,0.035492629945694576,2.214689265536723,0.09375,-0.25901739395788836
2018-03-31,-0.03996810894235747,0.6159313530041557,-0.03247378302734949,-0.18976113006904216,-0.046510863126781765,0.18158166106121554,-3.6379019374001484,-3.6379019374001484,-3.6,-3.5,0.522837538313802,-4.535194957604396,2.009795047921342,-17.050878877155814,1.0100698473274492,-0.0312151616499442,0.1465968586387434,0.15151515151515138,-0.027372262773722733,0.012765957446808418,-0.7096513365839316,0.09523809523809512,-0.006742835737029496,0.14411247803163452,0.0,0.9943991433984023
2018-06-30,-0.031220467296741772,-0.20119842927616938,0.05190289344875554,0.157207472805593,-0.10485781104301817,-0.041798122254224745,-0.638056486765446,-0.638056486765446,-0.6538461538461539,-0.64,0.004179498460184838,-1.5675863433508475,-0.012741556092919049,-1.4618329033309203,-0.23207327386084764,-0.10778672803989253,0.24657534246575352,0.24122807017543857,-0.08442776735459667,-0.08403361344537807,-0.18210970464135023,0.0869565217391306,-0.07599471996982843,0.19047619047619047,0.028571428571428692,-0.3096968695795821
2018-09-30,-0.049506790304568615,-0.37223431330152634,-0.07029541554739815,-0.38027639722113127,-0.027865437053831266,0.20228604445503007,1.883198604793665,1.883198604793665,2.1111111111111116,2.1111111111111116,-0.11576487769258859,-0.06445940397710104,0.7757660980739058,0.8975099806192897,-0.5734418902177345,0.004299226139294898,0.8956043956043953,0.88339222614841,-0.004098360655737654,0.09862385321100908,-0.13918695831613692,0.08000000000000007,0.022653061224489734,0.6374193548387099,0.16666666666666674,0.012982351181573426
2018-12-31,0.004734576791863621,-0.12150891163222899,0.012362247325526043,-0.2153357844074537,-0.0028593981224813714,0.3138966896746538,1.2482486900937575,1.2482486900937575,1.25,1.2857142857142856,0.3049605271850433,0.02899360757816649,-0.10402680621186022,-0.26152636867905965,-0.9927644213277145,0.0346746575342467,1.46280193236715,1.4146341463414638,0.014403292181069727,0.03757828810020869,-0.4428862519477407,0.08641975308641969,-0.00758331670325274,1.006304176516942,0.2142857142857144,0.11953697141507202
2019-03-31,0.06733258248907026,0.24909970709491414,0.023659785755234086,-0.16343502840592627,0.1114761854820443,-0.10417408324154231,-0.0446510376521575,-0.0446510376521575,-0.015873015873015928,-0.03125,0.851875172045018,-0.2148837808150833,-0.7966100361393331,-1.9962140284903915,136.68648885002187,0.007033512618949134,0.2734405649274225,0.2657342657342656,0.11156186612576069,-0.006036217303822755,-0.5843373493975903,0.07954545454545459,0.041423687914739604,0.1708562450903377,0.07843137254901977,0.49314201308292893
2019-06-30,0.01833786413486238,-0.07183423479581474,0.026991013640604855,-0.026169818779518517,0.010282476187439604,-0.167628463364195,-0.3111320848064606,-0.3111320848064606,-0.30645161290322587,-0.30645161290322587,-0.44189773564080526,0.1704640960990509,1.2146145216819466,-1.235107260990013,-0.23339970592812065,0.028759244042728005,0.17159581022797288,0.18538980969920194,0.021897810218977964,-0.0748987854251012,-0.20496894409937894,0.09473684210526323,-0.007916586213554733,0.15766521301576675,0.0181818181818183,-0.04688383267382701
